#Num Name   Easting    Northing    Height     x        y     z
  0   1a   628950.94  4519411.48  1019.34  -175.61  -106.81  0.65
  1   1b   628934.13  4519445.69  1019.12  -193.00   -72.89  0.42
  2   1c   628870.26  4519438.03  1020.95  -256.74   -81.66  2.26
  3   1d   628874.06  4519414.36  1019.33  -252.53  -105.27  0.64
  4   1e   628884.87  4519400.03  1019.01  -241.46  -119.41  0.32
  5   1f   628883.90  4519370.62  1019.31  -241.91  -148.83  0.62
  6   1g   628904.25  4519370.05  1019.18  -221.56  -149.04  0.49
  7   1h   628919.25  4519345.14  1019.29  -206.13  -173.69  0.60
  8   1j   628964.04  4519334.76  1019.37  -161.16  -183.28  0.68
  9   1k   628951.07  4519387.12  1019.28  -175.04  -131.15  0.59
 10   2a   629030.69  4519437.90  1019.32   -96.32   -78.99  0.62
 11   2b   629020.20  4519460.84  1019.30  -107.21   -56.24  0.61
 12   2c   628992.64  4519456.28  1019.20  -134.69   -61.28  0.51
 13   2d   628971.27  4519495.69  1019.24  -156.75   -22.25  0.55
 14   2e   628974.06  4519513.02  1019.26  -154.26    -4.88  0.57
 15   2f   628987.79  4519369.60  1019.19  -138.02  -148.03  0.50
 16   2g   628985.88  4519340.53  1019.27  -139.43  -177.14  0.58
 17   2h   628998.15  4519347.88  1019.17  -127.29  -169.56  0.48
 18   2j   629013.21  4519360.11  1019.29  -112.45  -157.08  0.60
 19   2k   629018.93  4519369.61  1019.32  -106.89  -147.48  0.63
 20   2l   629019.56  4519394.56  1019.20  -106.70  -122.52  0.51
 21   2m   629017.87  4519426.22  1019.29  -108.94   -90.90  0.60
 22   3c   629063.17  4519510.45  1019.13   -65.12    -5.88  0.44
 23   3d   629085.61  4519464.14  1019.09   -41.87   -51.80  0.40
 24   3e   629074.60  4519437.62  1019.03   -52.42   -78.51  0.34
 25   3f   629062.33  4519421.79  1019.14   -64.41   -94.55  0.45
 26   3g   629059.89  4519412.25  1019.14   -66.68  -104.13  0.45
 27   3h   629069.36  4519415.05  1019.90   -57.27  -101.16  1.21
 28   3j   629107.67  4519469.61  1019.04   -19.91   -45.95  0.35
 29   3l   629127.52  4519440.90  1018.97     0.43   -74.30  0.28
 30   4e   629092.57  4519536.67  1019.10   -36.18    20.84  0.41
 31   4f   629111.70  4519490.84  1019.02   -16.25   -24.64  0.33
 32   4g   629131.28  4519463.08  1019.03     3.81   -52.06  0.34
 33   4h   629134.42  4519449.95  1018.98     7.18   -65.13  0.29
 34   4j   629154.53  4519491.66  1019.13    26.56   -23.08  0.44
 35   4k   629128.56  4519504.38  1018.95     0.36   -10.82  0.26
 36   4l   629128.32  4519515.23  1018.81    -0.06     0.02  0.12
 37   5b   629119.77  4519591.78  1019.10    -9.94    76.42  0.41
 38   5c   629102.63  4519598.18  1019.15   -27.19    82.52  0.46
 39   5e   629094.37  4519608.81  1019.31   -35.64    93.00  0.62
 40   5g   629088.97  4519581.96  1019.14   -40.57    66.06  0.45
 41   5h   629102.03  4519584.77  1019.12   -27.56    69.10  0.43
#
#The center is at 
#           629128.38  4519515.20  1018.69     0.00     0.00  0.00